VITE_DEFAULT_LAT=55.265040754253896
VITE_DEFAULT_LNG=10.521526343654843
VITE_DEFAULT_ZOOM=13