VITE_HOST=0.0.0.0
VITE_PORT=8100

VITE_DEFAULT_LAT=55.265040754253896
VITE_DEFAULT_LNG=10.521526343654843
VITE_DEFAULT_ZOOM=13
